# samples   21600000 slots      120
DEC    0  -27  -0.02   1500.0 SLOT00000000         3
DEC    2  -28  -0.02   1500.5 SLOT00000002         3
DEC    3  -27  -0.02   1500.0 SLOT00000003         3
DEC    4  -26   0.00   1500.0 SLOT00000004         3
DEC    5  -26   0.01   1500.0 SLOT00000005         3
DEC    6  -27  -0.02   1500.0 SLOT00000006         3
DEC    7  -28  -0.02   1500.0 SLOT00000007         3
DEC    8  -28  -0.02   1500.5 SLOT00000008         3
DEC    9  -28   0.01   1499.5 SLOT00000009         3
DEC   10  -28  -0.02   1500.5 SLOT00000010         3
DEC   11  -27  -0.02   1500.0 SLOT00000011         3
DEC   12  -26  -0.02   1500.0 SLOT00000012         3
DEC   13  -26  -0.02   1500.0 SLOT00000013         3
DEC   14  -26  -0.02   1500.0 SLOT00000014         3
DEC   15  -28   0.00   1500.5 SLOT00000015         3
DEC   16  -26   0.01   1500.0 SLOT00000016         3
DEC   17  -26   0.01   1500.0 SLOT00000017         3
DEC   18  -28  -0.02   1500.5 SLOT00000018         3
DEC   19  -27  -0.02   1500.0 SLOT00000019         3
DEC   20  -26  -0.02   1500.0 SLOT00000020         3
DEC   21  -28  -0.02   1499.5 SLOT00000021         3
DEC   22  -28  -0.02   1499.5 SLOT00000022         3
DEC   23  -28  -0.02   1499.5 SLOT00000023         3
DEC   23  -28  -1.42   2706.2 mD2UQKsmYUxj         0
DEC   24  -28   0.00   1499.5 SLOT00000024         3
DEC   25  -27   0.00   1500.0 SLOT00000025         3
DEC   26  -28  -0.01   1499.5 SLOT00000026         3
DEC   27  -27  -0.02   1500.0 SLOT00000027         3
DEC   28  -28   0.01   1499.5 SLOT00000028         3
DEC   29  -26   0.01   1500.0 SLOT00000029         3
DEC   30  -27  -0.02   1500.0 SLOT00000030         3
DEC   31  -26  -0.02   1500.0 SLOT00000031         3
DEC   32  -26   0.01   1500.0 SLOT00000032         3
DEC   33  -26   0.00   1500.0 SLOT00000033         3
DEC   34  -26   0.00   1500.0 SLOT00000034         3
DEC   35  -26   0.01   1500.0 SLOT00000035         3
DEC   36  -28   0.00   1500.5 SLOT00000036         3
DEC   37  -26   0.00   1500.0 SLOT00000037         3
DEC   38  -28  -0.02   1499.0 SLOT00000038         3
DEC   39  -27  -0.02   1500.0 SLOT00000039         3
DEC   40  -28  -0.02   1500.0 SLOT00000000         3
DEC   42  -28  -0.02   1500.5 SLOT00000002         3
DEC   44  -27   0.01   1500.0 SLOT00000004         3
DEC   45  -27   0.01   1500.0 SLOT00000005         3
DEC   46  -28  -0.02   1500.0 SLOT00000006         3
DEC   48  -28  -0.02   1500.5 SLOT00000008         3
DEC   50  -28  -0.02   1500.5 SLOT00000010         3
DEC   51  -28  -0.02   1500.0 SLOT00000011         3
DEC   52  -27  -0.02   1500.0 SLOT00000012         3
DEC   53  -27  -0.02   1500.0 SLOT00000013         3
DEC   54  -27  -0.02   1500.0 SLOT00000014         3
DEC   55  -28   0.00   1500.5 SLOT00000015         3
DEC   57  -27   0.01   1500.0 SLOT00000017         3
DEC   59  -28  -0.02   1500.0 SLOT00000019         3
DEC   61  -28  -0.02   1499.5 SLOT00000021         3
DEC   62  -28  -0.02   1499.5 SLOT00000022         3
DEC   63  -28  -0.02   1499.5 SLOT00000023         3
DEC   63  -28  -1.42   2706.2 mD2UQKsmYUxj         0
DEC   66  -28  -0.01   1499.5 SLOT00000026         3
DEC   71  -27  -0.02   1500.0 SLOT00000031         3
DEC   72  -27   0.01   1500.0 SLOT00000032         3
DEC   73  -28   0.00   1500.5 SLOT00000033         3
DEC   74  -28  -0.01   1499.5 SLOT00000034         3
DEC   76  -28   0.00   1500.5 SLOT00000036         3
DEC   78  -28  -0.02   1498.5 SLOT00000038         3
DEC   79  -28  -0.02   1500.0 SLOT00000039         3
DEC   82  -28  -0.02   1500.5 SLOT00000002         3
DEC   97  -28   0.01   1500.0 SLOT00000017         3
DEC  101  -28  -0.02   1499.5 SLOT00000021         3
DEC  103  -28  -1.42   2706.2 mD2UQKsmYUxj         0
DEC  111  -28  -0.02   1500.0 SLOT00000031         3
DEC  114  -28  -0.01   1499.5 SLOT00000034         3
